0
1
5
6
7
8
9
10
11
14
16
17
40
41
42
47
48
53
57
60
77
84
89
92
95
96
104
107
111
117
119
120
131
132
133
136
137
139
141
144
145
147
149
152
156
158
163
169
170
172
173
174
178
183
184
186
201
203
209
210
215
232
237
241
242
244
245
246
250
253
255
256
257
261
263
266
267
272
277
281
284
298
302
306
312
314
318
321
325
332
336
337
338
341
344
348
349
352
356
363
365
371
375
376
378
383
385
394
395
396
397
401
404
410
414
417
419
421
425
432
438
442
443
450
453
458
465
468
469
474
481
487
488
496
499
508
511
514
525
527
532
538
541
542
546
547
548
549
554
555
556
558
562
564
570
574
576
577
583
585
589
591
595
596
598
608
611
612
622
623
625
627
628
630
632
640
648
649
653
654
663
665
668
669
683
687
691
692
698
699
702
710
711
713
716
724
726
730
734
735
736
739
750
759
761
762
763
765
773
775
776
777
778
787
788
791
792
798
799
809
810
812
813
816
820
824
826
828
832
837
838
839
842
843
844
847
848
849
851
855
856
861
865
866
867
868
872
874
875
876
879
880
883
900
901
902
904
907
909
912
915
920
925
932
936
939
946
949
951
958
960
969
974
975
976
980
988
991
993
994
995
1000
1006
1011
1013
1014
1017
1019
1020
1025
1027
1030
1036
1039
1040
1050
1054
1055
1062
1063
1068
1071
1074
1090
1091
1093
1097
1099
1100
1101
1102
1103
1105
1106
1109
1110
1111
1122
1127
1145
1147
1152
1153
1155
1156
1160
1161
1165
1167
1168
1169
1172
1176
1177
1178
1182
1184
1187
1188
1196
1200
1202
1209
1211
1213
1219
1229
1236
1237
1242
1263
1264
1268
1270
1272
1277
1283
1286
1289
1290
1291
1296
1302
1309
1310
1316
1322
1326
1329
1330
1336
1352
1355
1360
1373
1377
1382
1385
1388
1390
1394
1397
1403
1406
1407
1412
1413
1425
1428
1433
1434
1440
1441
1444
1449
1460
1461
1463
1466
1467
1468
1469
1472
1473
1476
1479
1485
1487
1489
1498
1500
1504
1510
1511
1516
1518
1521
1522
1523
1528
1529
1530
1533
1544
1547
1548
1551
1555
1556
1561
1563
1565
1569
1578
1579
1580
1583
1588
1590
1592
1593
1595
1607
1608
1617
1618
1619
1626
1630
1632
1635
1636
1641
1642
1652
1653
1654
1655
1659
1664
1666
1670
1683
1686
1687
1688
1699
1704
1706
1711
1712
1714
1716
1720
1722
1724
1725
1730
1735
1737
1749
1754
1755
1765
1766
1767
1770
1775
1784
1787
1789
1802
1803
1804
1810
1820
1823
1825
1826
1830
1831
1832
1837
1838
1840
1841
1842
1845
1847
1854
1863
1865
1866
1867
1869
1875
1891
1896
1907
1908
1914
1915
1922
1926
1929
1931
1932
1937
1939
1940
1941
1949
1950
1956
1957
1960
1967
1969
1970
1973
1974
1978
1981
1986
1988
1993
1997
1999
2003
2004
2011
2012
2016
2017
2024
2025
2034
2041
2043
2044
2047
2048
2049
2054
2057
2058
2060
2066
2068
2070
2072
2075
2076
2085
2087
2091
2096
2103
2105
2106
2107
2109
2110
2112
2116
2119
2123
2124
2125
2126
2130
2134
2136
2138
2139
2157
2161
2165
2166
2170
2172
2180
2190
2191
2192
2193
2195
2196
2201
2203
2204
2210
2216
2219
2225
2229
2230
2237
2240
2244
2247
2249
2254
2258
2261
2278
2283
2285
2287
2291
2292
2294
2296
2297
2299
2328
2333
2338
2347
2354