0
2
3
4
5
6
7
14
18
23
25
27
45
47
48
57
63
66
84
90
91
92
94
95
99
101
106
109
110
111
120
122
123
128
134
143
162
164
165
168
171
174
175
177
179
184
186
192
204
209
213
214
216
218
219
221
224
227
228
230
233
240
243
244
245
250
253
256
259
262
263
264
269
272
276
278
281
283
292
293
299
300
301
303
304
306
312
316
326
330
332
333
335
336
339
340
342
343
344
346
349
351
352
354
356
357
360
361
362
363
365
366
372
373
374
378
384
385
390
391
392
394
396
397
399
408
409
410
415
419
420
427
429
433
435
436
438
441
442
444
450
452
454
455
458
463
465
467
469
470
471
472
473
474
479
484
487
491
494
497
501
502
507
513
514
516
518
520
525
530
535
541
544
547
549
557
570
572
574
579
585
586
590
593
594
599
603
606
613
614
615
617
621
622
625
628
632
633
634
652
653
654
657
663
664
668
670
671
675
681
684
686
687
689
695
700
701
711
712
717
721
722
729
735
736
737
738
743
744
747
749
753
762
769
774
777
783
789
794
796
797
800
802
806
807
812
814
815
819
823
828
829
832
836
837
838
843
850
857
859
863
865
866
870
872
873
877
884
885
886
888
892
898
904
905
906
907
910
912
913
914
920
926
933
934
938
939
944
949
950
955
957
959
964
967
970
971
972
975
977
981
989
993
999
1000
1001
1003
1011
1015
1018
1020
1024
1025
1026
1028
1030
1043
1044
1048
1051
1055
1058
1059
1061
1062
1067
1068
1070
1071
1080
1083
1092
1093
1094
1096
1098
1099
1103
1104
1107
1108
1109
1116
1117
1126
1131
1136
1139
1141
1146
1153
1154
1156
1160
1161
1166
1170
1171
1173
1175
1176
1179
1181
1183
1184
1196
1199
1204
1205
1206
1208
1209
1212
1221
1227
1229
1238
1240
1243
1245
1248
1253
1254
1255
1268
1272
1277
1278
1280
1284
1294
1295
1297
1298
1300
1301
1307
1310
1312
1318
1320
1327
1330
1333
1335
1338
1340
1346
1349
1351
1357
1358
1361
1366
1369
1370
1371
1383
1386
1399
1400
1401
1402
1403
1404
1407
1409
1412
1420
1422
1425
1429
1438
1443
1445
1453
1458
1461
1463
1464
1468
1469
1471
1475
1479
1481
1484
1485
1487
1490
1494
1496
1497
1503
1504
1505
1506
1508
1512
1514
1517
1520
1525
1528
1531
1532
1533
1534
1535
1541
1544
1546
1547
1555
1560
1561
1562
1563
1567
1568
1569
1570
1574
1577
1584
1586
1587
1588
1589
1593
1597
1598
1599
1600
1602
1603
1605
1607
1609
1617
1633
1638
1640
1643
1645
1647
1648
1650
1654
1658
1659
1660
1665
1666
1669
1672
1673
1675
1681
1684
1687
1688
1690
1695
1697
1699
1708
1709
1710
1711
1714
1716
1721
1725
1734
1739
1740
1742
1745
1754
1759
1760
1765
1769
1774
1775
1776
1780
1785
1789
1792
1801
1802
1806
1811
1812
1818
1819
1824
1825
1826
1839
1844
1851
1853
1854
1856
1862
1865
1866
1868
1870
1874
1875
1876
1883
1886
1889
1892
1894
1895
1898
1901
1903
1909
1911
1913
1916
1917
1918
1919
1926
1929
1935
1937
1940
1944
1946
1948
1954
1955
1959
1961
1968
1970
1971
1973
1974
1975
1976
1978
1979
1980
1981
1983
1991
1993
1995
1996
1999
2004
2006
2016
2022
2023
2024
2030
2032
2035
2039
2047
2054
2056
2065
2067
2068
2074
2078
2081
2090
2092
2093
2095
2101
2102
2111
2114
2117
2128
2130
2136
2139
2140
2144
2146
2152
2155
2157
2161
2166
2167
2181
2185
2187
2202
2205
2210
2211
2212
2214
2216
2220
2222
2225
2226
2227
2231
2233
2235
2238
2244
2245
2246
2247
2249
2260
2264
2265
2266
2268
2272
2273
2277
2283
2284
2291
2295
2302
2306
2307
2312
2313
2317
2325
2327
2331
2332
2335