612
385
542
699
605
129
139
269
449
47
672
946
665
374
140
535
125
702
576
447
173
701
228
964
234
181
378
490
886
715
19
489
433
921
172
939
600
25
376
327
778
191
323
229
507
840
427
572
512
453
277
219
389
457
441
162
390
787
696
878
448
720
628
905
466
530
739
258
432
235
483
786
546
247
30
414
309
103
452
232
431
707
418
812
803
498
144
981
879
50
304
757
399
835
554
293
482
371
792
243
541
287
271
411
924
473
800
97
635
333
347
264
529
58
642
435
245
979
93
402
820
298
443
743
676
929
926
527
138
421
854
478
615
286
408
192
420
338
1
646
412
437
626
27
67
263
54
382
830
209
221
504
155
916
525
284
373
339
205
655
393
522
438
35
472
112
307
106
56
8
877
880
862
651
816
358
607
436
936
805
201
553
774
216
616
606
658
848
631
639
137
660
793
573
769
808
569
499
662
716
500
901
321
982
359
947
704
559
24
317
121
454
894
363
361
725
920
365
471
63
674
475
231
749
992
0
43
531
89
712
818
945
932
215
738
270
253
311
618
599
695
804
198
322
591
59
246
903
907
703
551
260
250
31
404
811
179
324
278
859
582
545
360
212
540
96
429
136
697
87
579
383
76
174
255
108
734
380
295
952
296
853
851
153
470
897
501
318
603
670
64
290
766
458
561
401
259
34
377
72
619
410
587
163
972
187
890
967
481
387
960
758
336
244
310
6
492
430
722