631
671
5
172
545
905
181
897
64
443
900
808
492
87
438
365
190
322
473
433
367
198
327
8
973
901
984
665
191
29
584
307
498
407
575
245
576
427
624
335
632
955
870
588
127
56
289
512
59
820
121
82
948
31
165
19
240
930
13
784
792
590
140
472
688
692
485
303
957
454
147
41
521
138
461
553
116
321
269
921
617
654
573
938
909
378
359
180
168
34
949
67
453
811
675
441
292
773
926
16
487
618
823
924
668
268
925
404
290
929
530
578
70
946
753
560
30
415
537
371
210
380
170
351
762
83
471
594
592
970
259
136
956
397
11
779
444
445
54
695
739
540
21
522
134
749
567
854
179
406
38
92
872
52
680
108
666
866
278
316
2
505
432
704
812
246
151
173
482
193
586
916
333
239
810
782
355
803
786
213
260
291
264
758
202
164
977
421
981
308
232
574
78
670
305
25
244
156
611
787
129
701
101
293
726
952
152
793
785
776
886
98
77
81
6
754
529
864
411
395
607
711
131
216
110
107
818
274
862
603
906
524
615
570
516
801
55
282
458
163
18
476
527
543
851
75
501
188
937
931
483
298
331
457
825
126
694
401
717
128
125
806
939
419
354
234
229
744
306
936
489
583
580
288
28
199
470
123
339
805
843
381
343
398
287
112
783
750
755
63
971
89
992
835
455
143
258
885
630
9
358
602
985
200
858
296
318
829
91
625
171
738
641
347
533
974
541
0
217
36
376
22
548
790
261
169
794
735
881
616
960
243
196
299
702
595
462
344
896
295
3
953
609
804
606
491
699
577
813
48
241
703
71
315
809
742
263
65
373
465
39
972
959
994
661
420
468
103
119
928
941
230
231
759
907
490
838
626
848
329
613
746
352
209
186
867
311
676
845
996
844
40
350
639
137
709
658
481
467
891
271
619
922
340
982
375
100
220
469
873
789
479
561
791
997
285
945
142
394
475
272
93
582
178
90
597
877
58
912
399
500
781
484
145
765
816
544
523
23
716
158
976
517
72
549
707
635
962
796
309
814
300
139
242
14
979
684
184
122
708
383
135
174
194
915
720
710
894
349
734
456
513
177
42
176
218
655
763
148
428
153
961
718
650
975
647
452
111
508
933
525
669
932
61
562
706
412
627
968
849
251
728
206
227
391
756
733
418
778
714
859
430
740
442
252
882
85
276
162
286
598
374
312
923
257
774
304
320
732
250
879
678
550
646
146
326
722
384
124
79
628
361
328
589
84
493
869
57
569
795
385
486
425
203
366
861
342
449
629
918
222
724
144
324
357
696
822
902
799
422
831
149
817
33
377
254
97
856
634
390
204
10
478
944
301
409
249
767
682
273
884
192
43
552
633
233
35
757
705
515
623
224
555
693
963
133
677
832
51
691
860
118
402
880
644
591
348
369
187
62
451
903
620
531
319
995
400
980
601
919
656
281
991
771
604
526
697
167
871
507
69
302
364
564
437
857
60
780
386
207
372
640
448
888
802
520
737
565
379
674
323
238
898
346
459
826
599
687
761
947
887
547
436
751
130
914
847
80
766
853
538
663
685
895
262
542
988
265
581
659
954
966
700
368
317
423
834
568
480
904
155
557
830
772
345
612
236
770
53
652
836
102
841
280
840
175
821
219
275
911
986
725
49
920
819
429
863
934
593
747
987
951
115
214
182
248
4
721
878
37
874
1
502
114
338
815
890
572
166
424
892
558
519
546
120
807
74
356
745
325
253
748
460
353
382
993
160
605
283
26
559
405
910
154
571
15
197
109
7
850
672
221
539
648
990
247
106
760
277
270
649
417
141
499
719
496
875
998
503
713
392
215
743
935
797
297
235
294
17
764
488
752
798
45
330
47
653
965
403
159
426
413
528
969
256
132
534
337
828
212
889
73
226
913
535
408
474
800
964
76
24
741
463
768
551
336
514
504
651
664
608
683
673
566
189
360
450
563
46
715
769
509
824
183
410
865
967
587
104
439
267
284
556
679
435
827
554
255
446
868
266
958
621
736
117
989
313
983
105
510
157
94
332
940
950
622
855
883
195
201
942
729
852
466
50
416
712
532
95
440
32
645
66
637
88
775
511
723
225
434
536
518
917
314
788
596
12
638
657
837
636
341
310
44
334
228
686
20
600
908
614
414
388
662
690
893
842
211
846
150
497
610
667
660
730
494
370
833
899
579
689
113
86
876
205
431
978
27
185
642
208
396
237
393
731
223
96
727
464
943
506
999
839
643
362
363
161
927
585
698
495
447
279
68
477
99
777
681
387
389