8459
14311
61863
96
31335
88864
9712
92421
51184
72368
33099
9783
96096
7063
46181
6759
59784
73528
55103
12764
20933
42856
21406
37824
5477
2029
84021
46390
56889
33008
99890
19925
23990
53633
51531
9988
57808
11405
64689
57841
83465
40494
53322
53418
77793
4398
65672
54355
1719
43004
36342
71889
40305
99207
39046
21912
97606
28532
552
65625
75335
96215
39205
91294
19016
53743
85797
66496
32691
9879
76155
87221
8836
62270
42594
11430
89863
56962
28950
21456
73765
90630
49652
13883
39295
75326
44215
18616
209
63314
27693
36337
72011
35382
28982
73329
29513
65275
91115
22489
18599
48716
98824
14070
23307
72867
83792
89517
81419
27615
88162
83577
88979
23996
97246
22412
92336
49954
289
27009
15404
32195
58671
3278
39155
11681
15209
73461
3251
86154
8353
37216
37509
45785
24291
70509
93438
35587
90579
37587
91227
49526
28524
6847
86475
32227
58335
29497
76006
45976
63648
93821
13271
18329
7786
72383
27652
35081
91789
74122
26335
10334
67713
58005
67231
4131
66357
67566
82677
50798
76164
87071
68102
85677
11866
44096
96248
2615
77274
83038
67661
49392
18641
38491
10839
53913
99744
19176
68558
55806
42851
60579
60668
16460
51080
13128
81819
70519
5358
74887
5179
68385
57018
60941
13756
6894
52463
98866
2353
42612
97574
76448
24236
33449
61330
10986
24102
29217
47158
49016
40280
73332
45098
32095
71162
19076
96079
37535
58007
16557
77327
94507
80717
82024
47735
99276
18491
84921
70013
54562
1446
77024
89130
38878
58232
1271
37948
27217
10001
82148
1523
13959
62580
28918
30038
31862
36177
30162
40803
49402
10814
8950
35545
54897
59263
71853
60873
48746
54496
7178
92498
32610
59211
53567
11864
63272
84203
19675
68640
82142
55576
96515
27532
17658
61817
30767
2374
88666
76933
4428
26872
88339
47776
20612
96803
86518
41478
34236
77651
86386
40411
87097
30060
2824
72465
21303
93396
80143
80192
46170
70143
29822
75182
36950
48948
63684
87404
12311
85243
34130
4301
94486
46733
92736
31190
64862
87508
23105
50084
2953
21788
49963
53492
90044
57106
56192
38221
34630
75636
55529
37365
22233
8475
10149
56769
1826
10230
3797
5624
51176
44037
29164
36564
37678
16912
79923
13161
37324
229
43448
25702
54795
30053
27419
15450
55502
44584
29798
13371
74258
16631
73987
39822
94434
91128
31200
63733
5954
21118
58810
77361
88462
84497
57172
26225
92625
86565
15818
65341
49224
16122
1477
53068
32186
60112
72611
40956
39259
97235
59078
22255
7553
77265
78095
48020
36420
92476
46707
46541
69676
18597
25396
23240
12828
66100
62150
68536
67794
28601
30307
88876
34296
13939
45727
93380
1668
9615
73642
55428
8554
55054
33283
81761
76894
36542
63571
21349
8181
22026
969
21204
62110
69276
89065
44106
31493
93393
40241
66093
75769
14047
61054
600
9745
70211
98174
54553
99940
84711
47711
26800
74931
70881
42838
79828
96351
50764
24474
76298
9790
40794
60350
80263
86975
52206
26762
33499
18272
32564
12758
90629
69386
38413
80783
84034
94009
85058
85794
6680
71333
96214
21407
89809
90899
28997
95282
71924
44357
75906
50356
13011
75643
63962
29796
34959
53694
57827
86229
77256
43428
22919
15322
22102
83475
42894
52594
49553
9406
43483
83500
9331
64977
17797
27696
40070
19377
36871
77503
39312
79120
35819
33758
37222
82213
81177
25912
1555
40904
26531
40820
9318
98826
25184
63260
74974
80907
54038
651
59729
5572
75687
62517
87795
53384
95464
15753
57838
36250
89739
15587
48422
5063
10430
12860
88582
89178
78108
66466
56490
18881
52010
40953
26085
40925
88791
30937
39783
47267
75454
59181
65362
36218
16012
70246
77441
65990
60849
52172
19256
65430
68097
69181
78635
30229
44872
92471
88403
4623
74688
36485
2805
61310
58998
40847
1343
21664
98910
85126
95845
30519
75990
32298
3945
38928
97368
80612
49104
40204
6159
41567
43208
1303
44003
40821
82010
1300
62549
33372
78695
99239
65809
35156
79885
65572
56373
1170
77244
75176
16669
55759
93441
60856
23736
95641
73816
48563
34949
84608
75852
43394
19096
48195
61477
81731
93291
1498
24859
70049
62663
70733
99596
65547
6441
53807
87785
40814
97324
68666
74198
53755
97616
13890
23529
87399
3985
55164
89146
10399
96990
86000
83058
33745
60445
35283
80149
73919
82537
1431
72277
54873
71624
1173
94252
45944
56158
64606
33535
69937
58089
26968
41388
66308
14131
26222
40012
5213
24659
98596
75655
10935
23928
54424
95947
4047
22828
34947
22713
36054
73676
34486
67127
67001
59843
19317
51861
8896
28762
26324
31237
74908
30105
41367
60180
38175
49844
40534
60254
78553
88610
73843
49242
85698
25785
61344
30940
65622
98527
2207
91643
90319
15748
83263
37462
30063
81518
97409
69920
94813
50864
31125
76454
92446
42840
744
20653
16298
60460
57767
59433
63115
93281
5315
51783
98732
85250
67505
96187
35035
88386
2054
10360
7492
52459
43370
59147
44692
24903
63304
56665
25195
11666
24801
83076
54839
40600
2167
56772
25036
68213
99794
19620
10021
32368
81874
44082
10950
7370
91668
73696
95452
43100
88833
57773
58133
69432
13897
35135
1916
3086
38289
10119
97155
1100
68045
29580
37496
34637
11737
247
83282
28933
71153
56691
63612
82439
69606
80499
41201
96840
28392
37326
13843
80784
42680
1990
76803
90027
21454
43397
98591
9553
54864
97972
6714
96835
22460
39659
87428
14511
22657
26676
95631
86754
28815
37661
52073
12418
71021
59621
51166
2725
13330
93509
13204
7837
91088
96972
58438
30097
98437
3050
60918
88913
30521
73533
55880
87706
16629
64045
92934
50679
38627
20331
74192
99564
41707
16566
62873
39412
49917
59527
99614
32498
92224
67018
21233
49789
92088
39101
18620
75036
92181
55179
34381
4653
67923
33041
66771
20430
47393
2785
76905
68661
99651
67754
64103
41209
20713
13635
47416
74531
35058
62243
82344
83873
17348
79508
76137
63501
83990
6091
50530
77540
45417
53883
714
83466
20843
54565
31654
14405
49794
74771
92014
85549
60249
17038
39138
71013
75834
89888
18893
56614
14620
44108
71029
73490
72846
42512
2276
77221
51160
3280
41951
68684
58060
84054
1361
96392
72502
80652
12277
76338
82003
44873
24726
42122
27008
98543
17147
311
97739
5127
5373
94100
1724
60838
97694
1309
82876
86531
24029
75548
52288
43227
63242
46520
13462
44942
38611
47065
64707
43887
98499
22268
90305
42573
74625
91703
19366
30882
35183
50624
73552
1962
90680
35972
42696
54784
54118
86092
89215
4506
62904
12055
70038
72970
55483
38759
81635
78215
66187
76309
58170
66761
6522
61757
6617
38296
95079
44615
86222
75976
81951
31265
51330
34548
47396
50330
52544
17195
3838
80096
96586
19619
66660
43030
73082
27776
52225
61942
18531
35847
56565
74868
25181
58882
17870
64002
95439
28912
86548
4395
67022
91260
99870
23592
39982
71417
34633
35472
63608
73699
73938
46987
47176
568
79714
82189
97478
36356
88684
94081
86077
75270
26070
50349
9415
40771
32657
98657
4481
83418
54891
94004
77777
99436
65569
87098
78204
19637
31870
1672
77896
63797
51891
44842
20222
68356
66785
24610
25984
12236
66508
78620
40236
45351
18306
89542
83443
93128
14177
62966
86542
42193
18790
47598
18797
62581
86671
98541
99748
23003
52524
73721
30755
87012
36841
70781
23362
81237
86324
20507
18659
41682
13272
4455
16892
19326
23283
32409
81128
66759
3671
74328
28886
32659
96549
66182
97947
62576
26038
87064
2252
78053
24869
86562
59254
12088
77455
10676
73731
48987
66159
2206
98651
93666
25220
63427
20794
25991
81133
7105
79198
61560
93812
88469
88970
48588
25532
67742
62656
80496
22933
43931
42225
13656
18259
62811
16812
80004
45182
4820
36075
30146
3263
91974
45127
1463
31855
35219
7452
33126
6786
83616
23855
46661
94006
17823
98029
36407
97581
19542
8815
87905
62792
10551
77646
22221
47001
35137
75394
52111
46612
81095
69166
50766
38933
49045
50994
61689
43334
87509
95476
3219
62673
45152
54417
87765
20079
53858
10495
70270
89894
80403
29125
35749
18242
48177
67349
54595
54486
22893
54459
58111
25174
25681
86521
2914
14436
73084
12706
72962
96932
45766
93077
10096
66313
10665
25224
5490
84930
83387
2153
93148
47302
5141
58965
66208
82542
44768
32515
19413
68999
95977
7218
77631
10505
81029
30481
98299
70803
69144
62950
46982
41147
64431
73262
47750
70369
19034
21804
77382
22959
61878
25509
64601
20751
68876
89875
39050
5416
1105
31513
97538
40565
72262
77106
88399
29140
72639
25606
3271
65763
26912
34659
5801
35
55161
77639
82357
29528
13215
78879
7260
67082
10513
62826
19826
16742
42605
89260
71724
86419
67495
92912
50493
37634
92305
42434
68879
69886
72666
18609
14692
41987
14252
56245
96041
18255
59338
48036
65599
69413
7530
22845
74564
41432
77487
14920
6339
54799
67771
83867
39426
39619
77039
51252
89997
33998
84181
68136
92044
48723
83122
60952
30421
92597
64184
61548
27458
21684
21420
92617
42869
94566
34068
35821
78896
96578
98710
9068
60155
4939
76364
14086
12612
88823
84549
2849
31220
32883
66255
62041
43039
5741
23790
16864
26209
78063
63660
1600
77252
76510
41958
75795
77033
64665
37724
91975
22453
42910
72353
37045
36600
75102
7992
32310
18907
84782
99838
87339
60510
25429
9669
94578
88022
59374
49557
91026
70768
41689
36195
32390
89285
97109
10915
94728
62856
14638
87786
47935
36483
60465
2850
66887
43482
29197
26749
67929
23251
45671
44483
26510
2605
93287
66304
54783
90059
47367
46557
62696
15091
53397
21192
61537
6717
88539
79756
38159
43284
13253
61358
27452
88315
51878
22535
20408
19615
81636
5986
58797
32617
33153
39389
69238
69007
79024
95274
58750
41343
84087
4687
25237
69160
6732
60859
48349
18885
61652
87049
71976
81428
18686
24648
84492
1988
92079
76034
43335
70732
20
68209
38286
13328
67014
7635
33457
64433
43071
48944
31831
33653
76241
32887
66244
15486
86898
59021
81595
95758
11994
13343
38449
16036
7430
23707
67431
56974
54917
46356
45
10156
29227
54404
75993
41864
96252
20204
83818
65342
99381
79551
46035
28143
59361
60702
98639
6458
58392
75905
15084
13639
37507
96261
92196
39041
34193
13830
51265
51582
95034
20781
10487
80066
48897
17517
53110
26553
69351
24380
68173
66673
75217
16230
19648
98989
44614
6263
35212
90014
99573
54569
98565
78674
53680
86401
55877
91037
33033
72831
45161
21698
68933
32213
68005
12379
70019
19547
83305
48342
17383
3082
59681
34009
29807
48404
94952
65299
92917
54579
47375
90459
25650
61262
92933
59738
66770
20431
95204
62497
56275
33685
61260
30530
79221
84236
57495
42999
48217
96744
98324
35917
22952
93377
8280
44677
77910
64550
15422
82874
47971
85771
91321
36684
24177
54714
3807
7682
28367
72594
10750
39508
16271
98911
47185
83713
8862
29139
54801
33663
50669
95412
22799
66383
91658
27733
67481
93089
88671
59151
81841
13346
78901
12334
8388
42800
51595
36658
77974
24504
26108
89332
81077
75088
51760
89454
43820
26030
85283
69479
35121
48758
9761
81921
32190
52564
75426
8438
77079
24829
48435
18546
19004
69218
21090
31635
24437
78549
6267
85213
66340
55888
19524
30291
7567
60618
80796
74921
22263
74794
16147
65318
1686
99753
24030
33076
3597
33316
80148
61968
13762
8930
78268
53143
37281
53723
59184
57582
13499
20127
12727
99569
95899
51759
61527
33246
97569
79476
12515
87126
65744
46169
52310
795
57416
21902
79511
16713
45202
93369
59723
91130
18239
44303
5423
1512
10892
98033
93006
13
89580
31985
92750
36001
50477
16575
69403
13290
5451
44780
35498
24118
59111
26471
90210
67592
87643
77292
44471
15366
57891
24060
202
20132
92083
94798
67710
51610
90075
65155
66212
99534
86467
14038
82022
36371
76809
16300
91006
72665
29589
82262
67433
417
57876
3937
32011
23286
54099
37818
789
497
53568
77642
71959
37784
35195
58967
43912
35916
68658
80690
46080
1714
43319
35955
37651
74932
26559
53836
66820
16853
96688
52393
62875
45792
72573
49578
62263
88165
11986
44433
67381
28154
92501
23469
41634
8833
2230
54797
72205
27581
72393
11494
99403
34691
65920
69313
57121
30274
66282
94502
96721
269
94635
60487
32780
76954
14760
26185
28073
35415
86969
15989
94049
72166
52388
17910
47661
42353
89991
28814
82721
37583
72489
53654
67907
31202
47077
28176
9621
79670
62640
88178
21874
94780
47710
65173
95922
3905
86762
44803
94069
76037
44805
65769
40621
16641
31619
38782
14406
18240
86592
14757
31943
72372
64391
23410
47618
69021
92572
29514
92005
55710
75161
16825
92733
46631
33867
76281
65190
23042
21981
43774
55613
45203
34744
7344
67389
86899
34022
97456
70160
67236
33925
91363
97262
56667
8399
19676
30397
40773
45609
84056
11314
3756
52798
7491
59485
2041
73034
93998
82794
61777
62724
91367
45343
29393
59179
97277
15135
6185
48232
60726
46442
41315
12840
63475
72816
52173
51147
64818
38803
49453
68871
23429
43519
95071
32446
51852
85793
27258
47211
98426
75782
88395
68475
14521
88337
41665
95091
58652
72044
21635
81718
72690
85083
34353
80471
52497
97119
31154
34665
34259
52821
8223
55796
33336
92898
74395
17946
1193
99394
31481
94341
66699
10500
49797
46859
17841
19552
4471
33288
38472
14030
92490
87557
16562
67727
58785
38346
86265
14592
62447
60957
93518
92587
3520
68679
5646
60789
1315
8586
29706
4453
29517
20419
61431
27305
6272
53951
35303
78444
66106
97157
86433
97861
84265
4164
24110
77448
54168
65614
96706
20272
33472
86596
25306
30583
214
74999
97550
67949
41222
45052
79260
73995
3588
45980
36212
40025
24707
89271
52156
33992
35138
54991
818
65282
74508
63393
8336
8793
20568
69471
3160
69532
18764
9431
60233
7312
8733
6952
94217
86640
64635
67344
845
17577
498
97460
90028
8425
67948
77506
77535
80878
4152
81767
17226
43022
34616
78465
71870
69704
74525
88771
26810
81236
11438
68168
70188
94150
88242
43076
31300
19593
95044
38060
69367
35710
10354
34389
5821
77040
69097
82761
40843
73644
22646
83677
97670
56076
81759
79929
72686
31798
43170
44231
93685
75863
57129
53105
11371
15069
27272
134
63287
39047
52791
57941
54907
66081
93345
81524
94197
71643
72651
94838
71707
4490
47933
36587
95006
27763
2793
14124
27609
95062
56229
1038
76442
70540
50389
69275
78590
88488
28244
52280
49765
29758
6776
1803
20863
58015
46015
74042
62713
10682
30472
63730
57619
48333
58757
44413
27923
20531
21278
78378
88512
13141
98180
68216
70290
61282
81499
59904
76909
90554
42686
60970
71967
9698
83042
26158
97708
29389
64194
73804
43698
3492
69480
29214
34708
83761
43427
28097
46630
61846
65580
58056
67196
81055
14355
36609
51119
8243
62405
79235
76514
12266
22384
14394
91265
69506
98561
99467
3259
45329
46697
30200
13348
79786
79381
85035
28444
6924
3645
99074
9299
451
37718
32134
19230
44891
87283
54543
88614
8487
60857
59173
27161
39192
97287
49115
81079
59234
83545
83059
85555
87029
24858
67820
98064
83789
32788
61378
70496
92184
59365
63870
34902
19515
60796
38595
6726
49742
60847
92361
75745
10710
2645
94766
62216
87525
54635
58220
50189
59095
3970
73194
23370
8557
15801
64373
28522
83369
34062
50479
35485
99299
17355
91167
33595
60587
22814
7302
61558
74186
96984
53066
49032
20673
94101
4899
2608
30081
22936
48653
29149
46253
26357
45674
37009
54704
40490
69531
33900
96415
94571
23347
69911
78147
63231
40668
92802
38977
61167
90241
63266
47330
72411
76003
62911
6557
13259
2701
89211
10933
87758
98435
60408
23523
21306
96630
4526
5935
58458
31922
56495
97886
90392
89376
79607
16581
1931
81781
73317
17626
78091
22958
68911
88508
47275
81823
59638
61998
81837
97753
81588
7650
26758
79470
8675
96119
96866
41073
82086
74553
4316
20865
21984
29239
65267
65370
44747
83048
83362
52493
84704
7331
53206
71557
39714
87306
29512
71885
79009
39493
82764
55803
37224
93757
8606
8749
60727
76013
80704
83486
30469
1989
24958
93778
35464
41185
78455
39676
10580
81905
37716
39545
97133
13850
62709
56926
99886
30461
60288
21330
66601
37134
56415
34558
51954
54047
83656
62435
85711
59252
4663
7405
2345
70680
90929
76508
13216
21098
47245
75614
8872
49261
61320
76318
1791
21268
3172
78471
18650
82406
34078
43689
49787
50184
9934
16544
38626
7648
53686
34195
29260
12479
40891
51313
60606
3711
56590
84240
42453
68863
1763
26482
14442
94881
20602
13194
31630
27707
15534
85552
72389
62611
72597
24581
59830
95260
20077
42952
96031
28383
24780
98888
3872
25122
2075
1820
20303
10023
54750
98081
9878
9078
81537
55771
99997
78933
17790
65103
58609
5376
40807
76052
92075
27978
61783
54843
32574
48620
74381
67751
68341
73407
96378
4865
37945
51496
2487
97496
7241
90364
53956
7049
30868
17451
77953
42822
66849
90822
62914
95473
28775
19105
48224
55953
79597
47446
6819
97697
40066
91106
42214
81030
83875
49309
53258
3032
41396
90903
78047
85109
25289
83194
82497
56506
29889
82728
38508
74618
39672
48131
33368
89070
70300
28704
38980
81067
87962
32234
25236
90480
44691
78428
42359
91478
48157
59837
17695
95653
38831
7042
22719
12931
3809
87432
10087
45583
36611
39563
56745
82263
69739
32154
55763
8695
47039
53136
89127
55456
10335
55547
14337
9170
80021
9255
6173
35080
40834
90998
8362
30890
46184
37994
19801
73950
17531
68107
76289
13689
56582
89819
72453
3847
75470
66720
73510
12172
25608
6192
44446
95005
70688
81703
85333
11298
32844
98761
10273
25203
38192
53871
4764
14526
31203
17379
73183
30446
94394
28152
6943
91290
76821
41312
11325
94340
45596
46224
99931
98939
6025
27465
66974
12596
8780
62788
8074
5815
43120
75218
12372
25273
57858
97337
54227
2714
53837
18130
27382
58095
31693
44983
16155
56749
87530
65519
18169
54981
56830
22236
68339
14642
14
98567
19189
10730
776
70063
99030
87213
48738
68553
6326
35959
68669
93355
36285
25742
99947
95850
28256
96372
18821
47845
5428
90541
11315
97515
47115
81001
95139
73351
22524
89073
29200
98446
39588
46536
31892
64747
10282
18563
19104
88774
16893
81487
6877
95028
777
94154
44488
92419
95310
95186
40148
49648
95790
83022
5923
29047
99405
89340
12235
18003
22724
67702
46048
19508
91891
70210
74764
74472
83840
16677
65671
27954
77258
85585
66176
22092
83682
45103
96739
52941
68166
2722
78032
36308
25415
79530
2654
46876
40627
63748
49942
26465
95592
1097
30042
33984
78882
32944
22523
62370
92823
69956
8954
25423
25254
51422
72330
45811
16824
25464
50704
67017
92580
76346
81451
48960
97299
9762
70549
12363
67550
6773
33860
90556
69781
53586
14073
76154
22528
32208
1559
8100
13129
66243
85457
66506
34262
11402
30125
18456
7196
16143
66766
71949
58298
97683
33859
77056
43728
66740
36694
69123
16769
90740
62917
24405
99196
8031
90309
57429
16380
96172
63929
66763
23911
48605
69977
26391
84523
14936
15892
10036
26880
52107
5203
51431
73352
88592
75848
87589
28221
57914
56551
55746
95509
20657
79538
22373
3291
61060
68040
96072
21683
75741
2088
11001
52187
82162
91252
9723
12199
7490
42915
4699
16287
57265
89519
64626
83277
76475
18951
17432
75726
2737
4130
70339
39628
8211
89079
91487
52013
86917
23125
23471
84508
81154
51827
2106
50038
94177
74483
94067
54840
22559
75367
12240
92843
51885
4909
38256
42862
14907
36809
91740
12946
12983
20341
24867
44645
90864
71328
43994
86143
99765
2727
89871
90987
17610
20164
31066
5464
87419
14624
91361
18858
68367
80688
53207
27329
20654
80455
62781
3335
50839
46166
22431
57846
31360
10515
71498
13606
26995
57446
75841
22842
55255
61135
56031
81865
31391
27887
10386
31744
73791
32821
98904
9479
29838
49501
58896
22986
34676
97518
62751
93658
83607
40682
42253
51118
86501
23423
53016
83786
61479
31590
78437
92226
38760
68516
57022
86232
62346
58848
78201
15589
50675
56010
39699
5059
93203
53851
65402
51847
84739
48562
21636
27517
33460
2232
39215
14568
58751
30961
63723
57116
58916
22710
44875
42251
54350
25449
61519
76837
83142
69449
29005
6922
81019
31243
43001
27617
39711
75405
24978
98652
88269
71067
27421
55
81248
49006
96527
56562
29352
25265
94263
26539
65903
59362
95001
95702
1711
87222
63666
67758
92293
88550
29376
45018
87938
41150
48405
2228
46599
11597
82577
17310
18627
94531
68787
73660
67169
41470
20965
5364
98153
4992
47513
55979
11593
74731
66310
44400
13329
15025
54726
84316
60511
9739
6799
99721
19623
32030
33630
90454
24340
94309
17368
17745
73191
28043
67178
13281
90525
44213
60760
91057
44226
81532
38901
87326
41063
7787
34150
76765
16702
28303
77750
52561
56880
79414
21413
87301
22321
69069
79995
57423
70938
80319
1781
53716
19559
3248
40972
2682
7570
6576
31148
69095
94579
64860
79700
2198
51211
53013
58663
34410
75613
98883
17437
73845
5462
93188
60867
59623
19128
38686
90941
25507
23988
25670
18872
63862
53594
4339
76212
11295
8384
82267
5667
40308
95570
32124
78825
91968
31226
71806
80554
3796
16201
79411
92191
54823
34390
7858
29137
94378
68858
81311
66121
68836
68397
9695
26818
50900
46005
16423
19785
46884
53265
63657
14084
64266
93227
35836
78270
33088
23314
68843
59897
45884
9501
21653
11035
80931
16673
1541
51038
22733
75166
62996
5552
27047
16119
36791
94533
90451
74672
58791
45991
54188
23265
64970
16038
14001
65329
88402
78802
96785
52584
43461
46135
30756
26167
52285
7520
93930
48788
63915
29356
99189
89492
25880
71656
55592
5001
87022
77205
56471
41282
92362
92703
4309
18554
15929
90595
79011
8790
47980
10325
64933
67945
65432
70115
31757
92626
60057
5626
63822
29277
25025
17872
29028
25078
48009
97528
50243
35702
55411
60619
78288
11204
26861
57276
28844
58142
91896
77102
45406
81164
76551
88313
50674
66389
5650
31230
55396
55721
39941
13637
62574
18129
13385
27210
16318
16538
34811
14639
87273
21014
93212
72161
37470
89885
19213
10976
45630
73629
39244
94019
21226
65223
60179
2187
84981
12251
70501
79431
13907
12484
42143
97494
18786
50080
13996
96856
97806
95118
16595
55048
86993
52148
29166
14700
28607
24008
50868
60757
47198
74233
65996
51477
45768
35424
48648
97329
79079
604
99234
27625
4448
35884
21178
30588
34639
51566
3850
82951
94423
22391
48881
79178
66474
70199
21071
15304
64208
93254
33749
48313
40930
58205
15387
19199
29991
60389
37173
59847
8324
9189
75595
36563
20622
88143
48203
62402
80926
40487
60505
18032
50956
67873
19850
90090
50120
35093
24675
12755
29305
44984
33118
27961
12158
26200
64802
29657
27675
78413
30553
75907
55691
30841
74614
96303
46700
37527
67604
6645
50658
68619
19345
23742
62679
16880
51086
22270
29303
90499
72638
84673
53238
83625
94899
71919
64978
43992
246
94405
21116
93612
85650
77013
9961
90942
61138
57413
67885
69992
78128
91734
5229
55767
54137
56861
46508
9378
41871
32833
69853
18934
83355
95163
18284
54186
40177
50676
98616
97171
31314
94387
20407
52477
35754
74772
7863
55331
13768
8065
55718
39909
82365
39411
13087
81796
89663
79941
73060
38046
10509
63064
82387
51986
65548
67216
39392
31181
96060
20084
14453
10464
96174
96052
8330
79076
84194
93630
39811
47608
49005
91156
95578
57184
4867
88893
73350
43941
82775
53816
45923
60861
68090
11037
66222
75629
16626
79804
86184
56127
64513
2836
66266
39449
44464
45247
81082
4137
702
5002
72202
36221
36571
34941
89004
39731
60012
85368
91064
76631
74104
66264
16083
50414
28359
54223
42315
33836
29815
63030
65856
87194
98159
49339
39447
46176
31938
56124
50425
25661
7819
69237
43249
96356
31991
26009
88219
33193
71507
26508
15617
91390
97413
93184
26090
50207
16535
39618
11098
39348
45200
82862
74274
80266
70775
54366
24812
56750
51846
21104
54111
3912
61603
84104
47165
4897
69221
72669
8138
57472
65950
9145
26680
27749
47411
71018
68215
6677
81657
84803
81202
3198
45028
57806
56628
266
94934
5643
78707
36358
74049
24080
81295
28702
18694
11734
79286
51993
18153
21210
22564
7905
24228
3604
73341
82877
56189
67237
90187
99755
99602
72886
82480
40035
77209
15502
58825
37397
27476
43906
9933
17414
93947
79038
29339
41907
27810
18793
43221
35706
85337
56820
79493
45399
9620
57692
71042
36324
50834
82151
17701
50799
15396
78946
36753
24702
71920
14278
51459
3205
52861
94462
24540
60548
11303
34489
13914
45142
12330
31473
90614
58204
86368
54502
58483
83346
97706
63770
57417
19871
47410
9941
86509
19396
47911
85934
2021
14999
42313
3854
345
13526
78873
59287
82803
91349
91680
77403
49163
51795
43786
22934
32318
59227
9711
33038
70044
8800
53470
44469
61435
2670
2773
31973
55760
9898
5881
23454
5274
25348
55776
89327
77247
8503
84795
52453
67844
5023
23226
75383
91609
72122
16216
5648
75696
24519
92434
12982
21212
64679
48415
1204
94520
88915
42387
80768
27917
4766
25652
52473
42983
31840
96568
23860
96006
30260
20095
38840
82864
44373
98764
32565
89169
10818
61719
32194
46676
51217
97447
64274
31799
38714
92063
37858
76883
14660
4385
13893
27052
50305
49487
4956
68319
19210
13537
59806
78299
48999
9601
36569
4421
45084
78844
73400
75937
15874
15382
83721
27209
10225
28494
80798
58297
16915
8350
4284
39719
50407
56818
69993
40507
6220
75518
37967
48593
1599
53175
69968
44138
1917
99471
65389
41637
782
76985
48725
71413
68680
74590
74924
7746
20648
11214
47882
33728
11056
79133
84983
51480
74470
20105
76646
2067
21581
90294
98197
33676
8610
74261
14684
62683
81929
31138
25314
44986
36449
16751
32922
67473
15175
44417
140
81393
14589
59804
14341
19511
93487
21755
58249
62710
68148
71453
77229
81791
10941
38488
88920
35084
70254
15062
73553
93868
22505
18237
80740
88534
19718
45136
79745
86463
34040
992
27646
17959
49082
95217
16123
9576
18540
76244
78447
19148
78661
1612
47092
97501
57825
42705
98609
40806
71734
97823
38847
56907
18824
77100
71122
67133
37880
49982
58112
48365
41989
31750
4447
94389
44940
38104
45578
27580
79464
3860
64590
56840
74893
561
77336
8681
86768
82842
12480
17905
57221
80561
76112
81290
78640
42401
92440
71939
24111
28542
71666
31671
55109
60755
77143
31133
44838
43848
36014
80985
10764
96185
61303
46535
33236
88859
81975
79661
99768
62450
77569
61893
15580
40207
72806
3034
15810
48625
71986
84834
71282
60742
3493
50939
32170
32969
13002
83139
22634
36128
63802
16292
4798
24382
16334
62933
77630
69999
74878
89737
87605
11290
10994
61607
44727
10851
16052
80332
87113
74103
29212
96197
71814
90164
22739
38808
58128
86317
14381
270
59487
98834
7500
7246
98640
23861
62771
32504
33071
28354
25401
26035
73690
27952
62203
4540
98130
1102
6234
28039
9366
13311
82501
8208
61021
67571
88064
14580
6454
57150
40011
81807
25963
74611
38397
88758
63708
99716
62954
20892
41330
66248
47291
6386
89909
3188
3004
89577
2512
18211
61408
15000
4169
10373
83367
4643
16328
22086
25355
31060
50283
48200
79961
75871
75473
47742
10850
99073
51969
98899
40778
23619
78862
23356
86679
87211
30986
76130
8674
60130
70113
98475
12083
88175
95711
25032
63104
28839
48631
19787
72426
9184
21066
70008
78964
93084
49656
71381
52112
65956
92300
23425
37625
65279
57785
94196
91794
23299
99642
70439
8403
40172
7526
83728
85888
37260
57807
91730
80118
12671
38412
81972
7831
83098
26456
31625
2548
46942
31589
8718
37584
30315
46304
9108
67777
21701
2177
8505
10792
57900
89776
44283
29194
90978
11033
7002
54347
37330
45990
33124
56992
57874
91220
22903
85884
46393
46754
5454
77116
44858
98264
60395
10542
57272
58537
78439
54120
62608
15926
21005
76367
58875
80958
28629
40332
29946
52812
12685
21183
94141
5336
64149
957
52299
36598
79664
39039
81610
13431
57462
6135
18878
31374
35407
55320
99726
93025
59204
35284
32577
80875
8665
30348
81745
71460
59207
76867
69001
82550
44974
57521
4592
84232
82954
68548
37550
88169
49411
93470
78833
39429
15015
32313
58449
58102
20949
96270
94587
99594
46012
25068
29719
76086
88604
19373
68563
40497
29878
23130
92149
2811
19510
22902
63902
19660
90317
71168
48372
49513
52562
30297
59283
80422
31808
29896
96943
88832
7318
23678
17450
33112
60829
69396
41971
19935
99420
26806
95584
97159
11755
26255
81707
85496
76536
68853
69387
96439
63808
58504
96336
30380
47899
84434
47024
91993
65728
76056
60392
95486
61571
92178
80866
95495
13415
74086
41952
90713
76576
22479
72086
76392
75545
43437
12754
26338
42496
38715
91298
81625
605
4680
12538
11416
68717
44073
85151
41174
22375
2862
54156
51726
8411
23780
28012
7770
2958
71353
55248
88119
34127
68775
19860
15298
86365
78473
74130
4485
26673
24185
5122
91940
17727
36757
71765
17771
25704
32835
26781
29496
30289
785
78195
63672
57511
20372
67970
75444
60708
88601
80959
68964
18489
3193
47536
62469
59352
97212
47729
90227
26636
80672
17880
1677
43240
62157
66958
71617
72623
81624
40220
68797
46714
25798
99199
33354
99835
67573
3185
23391
73254
98666
88996
67092
39710
17567
73438
57280
89162
55384
58275
82435
58471
36525
2869
67049
82870
76523
8731
65862
53348
68103
47175
59676
60531
12154
22266
52153
2799
75336
5424
28663
76239
51947
47767
50720
79325
83223
93618
8764
77317
85405
82453
72563
68221
7599
10349
10229
22939
99783
19624
14035
18757
9523
98401
14118
51467
45769
74041
27565
95278
56474
77571
74913
71301
6168
57685
131
56697
74860
77299
99640
14587
28647
43441
44016
13872
44608
91400
14945
22113
12050
69765
67114
63755
50250
94481
87433
58796
64913
76432
62334
9159
57307
13445
7964
91374
39583
58772
9469
39435
3820
53478
46789
74396
50765
99437
39592
45348
68929
9138
34122
5220
5167
91491
83240
21939
64572
22824
2337
8792
18719
67188
91024
98425
54145
93021
3612
15195
94447
42386
6390
76976
81956
75474
97990
58526
21793
38552
53676
52764
9708
42111
24665
65381
60748
24523
18382
99740
30222
96976
43235
96324
22640
60502
77108
80966
96238
98336
20283
43393
19271
65017
97269
931
22896
38682
55885
24143
97030
24730
45816
8878
98147
51489
34251
74751
62905
90234
98669
82060
16178
36778
84972
87732
10158
79380
20537
68239
32172
61411
2612
72178
40026
52712
94074
28360
84654
9927
80676
10479
68545
92505
80888
5515
7836
53416
99881
4994
20783
44101
69943
36821
11902
90562
19808
147
50853
51019
67762
83844
24384
57776
28842
7462
28604
28285
7790
45441
80309
84342
31275
62722
54081
15578
61072
74064
90577
79481
85340
99657
11854
37608
28623
16902
41659
59303
16004
44629
32970
83817
54858
60190
84255
78884
3951
34162
82343
34582
76881
64372
38903
52725
84998
46997
99734
25897
55628
96293
29542
45682
57101
25515
27454
68098
47492
76615
44371
9386
68752
41838
15349
42153
21239
36144
78775
24250
82998
66381
30702
98092
86574
75959
65745
95110
40922
24453
30339
47757
10970
96331
44351
63984
98152
7440
26727
44434
20201
73926
16144
1337
89713
19452
45830
82905
28342
29332
40233
48901
4393
16262
80494
65176
32285
2561
9160
81100
69115
75686
77853
12895
72036
3059
7183
18903
92599
92585
81906
25309
463
85021
63275
1331
50718
10320
37234
40483
81802
94933
5588
12452
72404
81599
25581
3451
15824
60322
14702
95590
95063
45576
36651
19315
90136
2801
9440
88393
12283
76243
10635
61006
47369
14957
92325
32533
52951
68874
65520
93134
85272
93667
50969
12863
95298
11654
93969
5050
75728
34425
56601
32337
13289
86264
47179
68855
48432
44002
50559
55059
81006
48780
4843
4216
35154
63921
13597
88818
42154
30506
41754
1048
94768
41254
12090
85990
54259
23789
4384
79155
60874
55669
29236
99799
33739
82704
44804
61050
67722
75609
84037
96484
99218
17631
93285
86699
87197
94180
32950
31429
3332
18375
48297
82682
49605
74623
59742
8318
56017
84580
69200
24712
20060
48577
39167
42228
37156
5047
39998
98540
35639
52970
60943
66455
91449
76474
29618
74377
11663
13715
98778
623
90810
92547
6788
18732
90488
29998
29098
79655
45244
20050
16851
6637
6444
59358
88884
11933
20299
51105
80412
27886
54209
58728
95744
50780
97737
81776
73641
37965
62743
60272
96650
79384
62328
86074
68927
13359
57650
20463
51680
14404
25229
97867
51990
77083
55449
29591
60039
83746
43865
82575
98712
60513
33295
38538
46172
55172
96798
44498
64789
25403
56251
20756
66049
84908
92348
62682
44254
24775
25585
92459
16428
58003
99404
51162
6283
56321
83662
88973
38786
24379
21763
24097
94033
48749
54244
87976
29581
45780
22689
78615
30670
70378
55595
42970
71586
65552
31833
83134
96064
86554
85265
19126
24121
82362
70282
40710
61102
58922
97505
89792
71452
16643
21820
14547
86939
32249
97035
8389
23392
87186
53626
98454
6544
24085
39350
46006
2420
56431
94010
21462
99121
90776
87913
18505
68378
99251
99977
11693
18978
20900
95920
50116
35499
98831
7152
13997
48612
64756
55978
18949
87723
47874
43699
5020
31186
86782
7562
39782
51533
24347
38311
4681
34568
77034
65254
54875
28699
3368
1423
87674
32280
85343
5475
2491
12226
3534
79656
82063
39778
16878
95867
87237
73118
6758
50269
23259
58132
71534
87322
1848
91666
22829
60122
94630
85592
70313
15602
46591
27285
52260
77588
45313
13713
76892
24175
2397
97116
41231
92744
64209
23845
40095
37443
34723
2461
51012
5882
27820
58141
95699
81771
45722
15943
16920
95971
71766
25272
63164
79352
41891
87884
56193
772
87457
69973
52090
95745
21765
63162
31342
96264
31759
96070
49862
30564
61473
46525
10444
14218
61051
62633
64483
20762
9438
70276
72958
47516
64491
22698
35363
64530
46422
21336
83360
16859
34012
10927
49925
3149
18402
72716
71977
6532
23938
23348
86288
75095
94036
28917
26459
75931
96823
95396
88283
62621
122
25055
42751
17202
4658
22741
9050
59892
45255
15684
201
10407
93484
20067
29072
55328
35502
22348
92890
7820
9172
56140
67451
48502
74283
94514
73129
43758
90563
51989
22000
30709
20013
52427
90100
82353
68132
53240
38902
4581
54042
12110
61255
69743
33127
39871
16279
36194
99732
49949
88553
77408
2506
81954
81567
18837
94318
94210
97099
7887
49542
2264
17407
93220
87202
99919
86645
64070
80421
37409
633
48927
11136
40848
85667
45974
20044
31117
63602
80164
93603
93967
67876
68033
63369
99973
36059
92254
93521
4201
72807
2721
35642
30427
87719
3129
94678
67955
92997
56077
62409
25207
22966
892
87230
74681
88540
61655
48492
99577
98788
59763
30645
52931
19949
12526
21296
24264
29900
76717
63859
78593
70498
59698
13774
98550
67061
7797
38275
82560
87264
31905
4697
14552
72234
15604
23805
82886
80754
77501
33708
74299
10436
93922
16165
65024
43331
18696
80020
89996
81801
45392
38155
59927
37046
83793
45840
74963
47307
73985
18758
64716
59877
65863
12287
46778
71518
5261
99133
24532
18225
38378
68454
52330
89026
89499
28365
22819
93988
48706
31074
78874
24042
74084
747
41918
13870
88343
57625
33982
33999
42117
35619
43062
58743
55536
71532
84345
81628
39937
9955
91381
72838
38750
58816
16635
76852
85763
73147
31547
71970
5089
42049
98582
4166
70302
44846
75137
75085
27911
95407
66684
94229
65149
90490
3745
44574
61717
93527
67878
38603
43967
94864
45705
38766
70972
28885
5838
89348
57244
64973
28086
15169
31632
40143
28916
27233
37006
95222
88387
61172
61081
19214
11306
42247
13988
61606
54320
97696
39400
40716
64624
92195
5292
92871
22537
82193
68273
15687
73806
41479
8137
21745
7907
5378
4850
66271
68080
86675
97127
44071
65741
59106
34376
6754
17473
12888
83574
20429
95508
82737
62372
21715
94339
16560
8452
35855
9914
76263
61856
18733
31748
5067
57177
46953
53053
89886
2372
5960
37422
66946
28631
32693
86541
87373
90874
29290
87066
98508
13589
86677
26594
30874
93336
44349
352
50510
9462
91299
18330
68965
41648
34939
19737
42897
86846
88603
82178
55192
47995
72879
13460
64026
82974
3880
52283
6916
45367
81896
41635
94754
48710
79102
33603
18705
92113
89157
23437
32606
79972
2532
80407
19984
50444
68348
50009
27670
47891
3254
82546
53040
73724
28957
13950
45968
73190
48905
92042
89136
92010
59998
79451
22035
49691
47380
65697
11537
31790
83054
19133
30300
75752
49627
41752
51127
74409
93461
27199
14594
53823
58159
58963
27348
74343
55323
20093
19790
21151
98483
7030
41991
87766
20282
40506
20000
23054
5978
70220
3954
48101
94734
62310
8463
75168
81728
10483
85422
50775
34011
51723
79711
21733
86660
6597
79290
16157
17796
53106
81626
18472
504
63707
85691
32460
47680
65704
64769
9140
12039
28127
39521
69535
86593
66442
11570
95815
50517
34419
4530
77582
95906
68949
72758
81312
27277
21538
86992
45800
63811
18948
70822
99823
1902
75543
47594
55991
76577
41431
85420
11522
43944
14996
92598
84798
6430
13123
83359
50715
72438
38037
9796
17768
62439
49467
32745
31543
90895
4377
5175
85917
78677
88060
2500
39202
18332
39693
53993
90972
41187
78046
29195
74437
48917
9325
78836
80870
47944
45934
15836
49221
38138
75975
9524
47880
61712
58164
43830
5385
4391
28892
94237
72180
70833
99480
89281
286
12500
17184
8351
85411
9187
94761
86309
99040
18803
75951
81818
91892
91644
69248
55144
83705
48133
21623
27486
40100
4278
68481
70706
4163
40001
20940
99677
16680
45562
46960
3628
66324
16139
48298
68360
73463
98842
70717
98983
45748
83863
46486
65220
45743
84221
73440
53234
37055
60894
81294
4014
47818
51654
30142
5225
78567
82651
91360
89573
88214
41603
21059
81352
71753
72318
64604
17522
43350
96240
32291
50350
77360
72778
82671
97967
49372
28754
26051
19920
22343
86150
13396
41827
31687
22932
8900
97743
12150
43101
89778
40225
94643
82665
73238
42672
94480
97485
77929
93078
98038
55952
79346
40782
56451
96464
46648
63578
70691
11330
47482
94460
4378
85671
67204
2057
50819
47501
40541
83609
51898
64057
73873
252
6459
19776
90161
96216
45467
59313
24322
27865
38869
58206
52679
66292
94818
11452
13168
60437
76177
96066
48092
11391
71193
95301
35868
10389
13882
71186
36129
46932
21042
3158
14822
43160
61125
114
34372
36649
6288
50420
64055
90236
35174
511
88289
46102
24488
30537
7228
39390
5156
14538
3402
1723
73459
83413
61156
11123
65577
79771
82310
16965
67435
77286
80037
34870
43389
38798
5216
45813
21051
79200
9890
25812
10262
36133
29178
11320
7003
89687
81116
92544
63985
75123
12614
35271
56357
13099
58351
77685
88032
23267
13609
26464
68028
75416
8515
56608
63912
11269
2718
17324
95707
3485
50783
77414
85582
46857
62274
47805
22339
25694
1036
66387
98634
69335
15710
68420
64662
58269
20718
30572
55193
11935
41870
76430
96047
2469
96430
17503
35087
14661
54970
8421
47528
63800
17241
23721
90083
54762
47565
9503
50755
53939
61024
28487
22499
42740
27808
98696
55101
7718
44959
25047
90522
72349
75022
57228
53848
12433
61715
83129
89174
58707
48305
44406
86186
8405
79378
34825
52132
76980
24974
13792
99260
11219
14736
88225
9556
82943
34751
71096
74610
58940
36280
27374
69623
58780
68335
14602
88726
16187
6703
81600
7374
64393
20311
91987
73278
88916
42224
10736
34623
92951
46526
67826
1655
59924
25775
79306
59278
86772
48148
45862
73679
79652
8484
30259
26764
47754
74696
73844
3235
93844
16539
1113
47843
43276
16890
34856
74864
87454
14925
34688
78842
25922
47415
20153
82313
11319
44566
34632
14072
25840
21734
1939
89533
73858
7910
4837
55940
90016
65234
20116
99407
70351
31983
69710
46915
87716
70832
39469
18183
74136
14160
4187
71819
30939
81433
49733
79872
26812
63212
62583
8677
601
25244
77391
43097
26960
99475
23099
74828
3546
73748
861
22212
94812
35262
64371
16512
66177
34772
68974
93179
5144
2422
23881
37375
7168
11018
12827
20096
19204
18640
5334
72170
2652
81780
59237
87196
27833
28831
24807
29820
15688
4082
14659
83171
71683
81131
77007
89478
70970
72106
3941
91999
48785
14775
3554
23767
85360
40062
26823
74184
48773
22492
77218
22481
49675
28649
87581
65250
49888
34493
44111
71326
31925
9953
45382
1044
1767
65553
80917
33175
53003
75245
74619
24939
26527
87303
23484
52152
7902
60555
1833
22222
99858
7394
80946
52808
26849
7225
62314
58925
63600
61927
13553
5417
46782
3569
60128
9571
47651
2492
21980
26426
86732
69726
60993
23419
34276
52360
67624
12557
37894
29522
2046
79595
19417
57653
74778
43048
58218
577
74163
9604
97729
13452
91089
9022
61735
50529
78056
22978
76930
84089
9233
29661
30095
29141
99719
6228
27837
7547
16514
74386
43241
49810
53753
88677
40153
59575
17109
50359
80214
17126
51311
34649
28296
3619
76267
27832
24229
1647
48446
15912
74200
29336
35612
9502
16931
70081
26889
61463
50245
44952
15267
50699
38465
99774
13368
73480
37096
28655
14184
86416
93062
27758
21540
14926
62529
85729
15597
1206
13866
295
81994
26191
95799
38734
184
53887
84154
62423
268
26431
46263
87467
53661
76698
52231
608
39372
28521
99000
2771
62333
22347
60378
23109
32032
85346
2466
73336
82589
91268
92972
25690
48840
96402
26729
89069
54881
49635
2262
90101
81373
74532
91818
32268
42371
46835
73974
63091
57988
61936
41590
23468
39861
23126
37937
49975
65686
72693
6778
19457
31403
38545
33783
8982
48068
20670
98134
57246
53367
96371
45697
93974
10737
8902
43446
87729
40191
67098
80636
73609
72423
34429
30867
3196
44879
76610
23496
68244
61945
12968
23418
82101
45571
65428
69343
24511
40873
82882
14766
43157
62141
16807
84882
63636
44431
52412
19773
93280
79594
50144
9824
11212
92013
33109
84095
81365
20886
66926
90465
58788
97173
27848
98754
31569
90073
63537
78392
82915
38257
82608
46895
57256
92051
58937
11528
55684
28231
72339
50491
62429
24669
30184
88622
49998
13813
24847
94283
5585
64755
87933
99922
25713
3655
62061
24594
67848
18024
56747
55895
55042
86808
16186
53820
56954
21805
52532
69650
33149
28223
25504
60693
48438
16492
27153
85936
21971
39154
3238
28402
77131
73443
24031
18149
51499
22774
72972
38440
41125
34463
77103
37709
29509
16506
97810
95446
87770
76255
31741
5137
50622
55091
67598
83968
39354
27293
68807
57377
92689
41690
2375
95192
1957
58732
91289
50117
47143
73989
67786
4128
48296
14104
68438
92451
76802
85587
27177
90799
18658
76058
98149
77465
51542
85276
77711
9490
39230
87374
78764
24288
71203
15645
91126
59503
76893
81881
8326
13946
25217
18665
38960
69105
73902
51272
74838
36570
26627
52655
66641
51574
108
19551
38741
50801
43509
66670
87727
42257
36602
10972
23357
81256
91211
91848
62922
14559
22960
8987
27773
97210
51984
52332
40364
36213
27819
29061
16793
43746
10438
99790
22901
58227
12527
27253
24179
62598
85742
20031
60294
10220
94118
2329
93764
43308
56033
66951
50140
95863
36644
2518
80409
77611
36590
77036
71760
47769
12762
38746
43369
14490
65327
77779
31883
39836
70070
12813
55022
12643
62195
11239
37673
2926
49461
11552
68297
55437
58519
11449
3868
23493
99709
20926
75385
50075
28425
45229
57581
49199
53304
76314
14832
38186
76601
8672
60238
16352
57322
53975
45187
51662
49768
16667
37348
23340
1430
10705
84640
25074
8734
64079
86346
49296
93832
21224
69368
29099
30048
81719
15494
70737
89232
5852
59329
90403
72194
99452
26325
91412
51277
21758
29157
6275
30959
92252
48797
83057
78936
51134
55513
16925
60553
96659
59815
89164
67538
89628
19617
24454
86707
31262
63037
54258
78109
70532
53563
95819
57302
64293
12692
23255
84388
98836
73674
56704
3304
84651
70112
2484
98221
65771
50078
50195
44719
95305
53176
48458
71026
75009
85875
82566
56069
32292
4717
20082
38022
19549
40924
8562
85296
42635
25813
14645
90931
50654
32544
67289
53402
49633
45971
2425
81345
9433
3524
76302
14615
39074
99889
46399
82235
82938
6682
71569
56826
50035
11604
61250
88484
53683
80223
70714
21897
61594
77429
69599
63791
23103
49086
18735
62812
85779
63065
81533
71190
41577
67744
15172
16094
49611
25468
74156
99943
16393
91105
40361
75026
33408
68197
78822
37048
37638
78782
69182
74899
28155
26040
57860
68394
69044
20914
39908
66890
49677
83559
31614
19888
1165
26319
85723
99664
51962
80133
9403
38288
93578
72847
5518
70421
38821
89294
67280
10170
16440
13166
82503
7027
29461
3648
82650
7528
5245
53427
2911
500
31305
17580
69899
32860
72231
20515
25865
22696
55026
27339
93231
13113
39925
54462
20608
1182
70089
22108
22964
79732
81754
51015
98233
36543
56611
24618
78093
43485
39869
78223
70997
58776
62807
30278
21531
16455
85339
72601
31813
1825
46693
44650
39632
89103
92082
82371
67036
11780
95917
66086
32500
17807
30560
23170
18711
42233
72782
33481
57699
35036
64620
84606
49878
76734
67267
86471
45903
50882
20722
35660
95796
2400
76460
4616
74120
37143
48046
9131
8416
65118
57461
86568
46759
6666
46321
67385
67975
54148
49478
35951
23729
51588
34113
75844
23897
46812
39503
62815
58462
41600
68490
65532
6462
60287
70275
27943
41306
89634
90045
81546
30875
1465
25079
87377
77511
7889
53124
86502
31025
44817
56291
68652
67245
12593
11950
30862
61476
610
89994
86179
42346
48549
47140
64153
59097
91860
80126
86420
36348
15741
41054
42121
64042
63772
87233
71469
22737
30104
98347
15969
48891
46922
90256
17150
48500
4223
83727
37127
48355
83093
68508
40697
45163
43948
39248
82252
5019
75748
96397
82559
6452
66606
22631
26632
76488
76323
91888
67277
5279
40424
12019
16790
82173
45755
92489
90768
16267
30064
21666
68231
8171
71801
38103
88631
26137
64036
96930
60205
93187
61030
94889
64469
73743
18439
96334
27089
33063
60514
22583
46736
65806
40018
47503
7971
8929
34907
26913
80364
11348
43776
65538
74926
14510
85670
58011
51995
28597
37581
68001
94672
79383
44405
32220
39080
73815
87901
59879
89460
32706
7214
92154
75
21567
96938
82061
54895
3288
25655
17198
12319
61873
59114
48893
50415
60520
91529
49991
88056
35310
87958
98466
51771
48566
56991
71761
41789
95109
11894
3312
59117
74918
48982
78367
14207
84116
65460
58315
59512
92097
9329
89971
98385
76490
55738
41545
62867
95504
35519
41606
82301
10891
22854
54222
88461
66919
94400
51514
797
29674
40304
72968
96384
17750
81113
41936
12914
12615
3033
59375
49631
33280
32470
84442
26000
55325
79
68401
65438
5191
4469
42317
670
69921
51764
31461
92264
94745
15429
48408
7859
13993
53982
31669
63315
36321
77566
2352
94497
53763
28668
35769
74383
46303
3397
49093
78429
36138
3695
99115
66839
199
58662
38349
48511
94005
72305
1507
44301
56012
34202
18159
97172
24173
20461
57059
1133
44480
21159
15185
50188
97720
81543
40540
11144
65145
53768
54368
66552
2680
46683
15843
22206
62661
12020
89486
13140
84000
62731
69271
15065
61581
58027
38514
84217
10493
77623
46029
6029
17420
67390
18987
66167
73695
2156
69126
36768
84224
483
70974
40290
18025
34946
41649
9317
18327
28880
67324
12116
92089
74616
68357
81700
51832
25791
71283
11192
46940
90176
72953
37704
41247
75893
84330
35266
65007
77386
82226
92359
56757
52802
71032
14673
91696
29069
22879
23230
16402
91538
14409
58827
50461
18474
55218
49599
99023
52264
14390
20569
17700
6212
93647
40433
90835
56198
966
69634
50577
6435
52922
68653
35041
10256
23043
98005
94713
21103
89963
56152
79790
71288
23350
13863
24349
70423
50625
39022
93122
11729
19937
60470
50104
3986
85789
13410
88023
63005
45350
67260
52530
75886
61895
10000
32671
19574
35131
28080
6574
4933
51834
45291
31406
91562
33077
96233
6178
46227
69711
32876
23955
12045
11515
82663
70183
36119
65037
83398
48675
55850
41816
27736
76774
12321
48677
3598
96994
81072
48543
27105
35388
10424
42069
65497
77918
90856
98223
43636
82004
89570
7270
48695
71179
46494
26942
30252
99730
3798
77150
96519
63737
79303
91499
53987
64205
4054
36942
23017
41065
83025
91109
26784
29365
42664
63469
96877
8966
81601
36522
79997
77159
88863
26694
59065
60781
59622
10400
27193
65724
379
3853
28767
87666
84690
63288
14938
18902
82440
96049
81530
93829
4252
726
52591
14588
14421
71501
27891
83622
93516
64523
59220
2569
60430
58664
73897
99747
86381
84722
83007
93614
75003
28293
28570
8496
22369
19312
13859
33270
93206
89993
72828
22811
79820
25410
41527
89059
52930
44489
34208
78878
92658
69881
72160
35846
44593
30846
17081
24819
89404
98116
86376
28313
59105
22274
78895
75920
53075
49866
6094
8014
90800
85238
63980
3535
91638
36465
4083
41725
25092
81342
60758
87926
48418
68409
68544
96180
56055
6750
80982
82312
33617
80711
89962
45377
3635
55927
45266
83690
15749
95470
30960
80644
87178
39045
56849
60468
27659
68659
44128
47831
84761
77992
3589
19697
83512
55495
94329
97876
396
82713
40112
51455
83741
70312
88907
30952
95252
55881
99900
52994
72718
21989
4007
67331
53940
42073
752
18123
67618
3943
45771
87308
34567
20088
55729
28197
86791
85460
62912
5192
79140
84254
45211
63677
37738
79433
1283
57769
50108
33023
65164
67283
68754
97046
64929
24100
85025
30321
50572
5077
95432
96110
11735
13209
36943
41159
64643
3287
19235
60749
31273
9791
45263
19764
37059
98604
64283
24976
29689
58629
77162
88429
88234
64588
85178
76057
4172
65474
6147
31696
38796
53233
34945
99287
7451
66637
52671
32056
26808
5202
90586
85128
25663
89309
40776
9829
46125
73979
79479
46865
66708
64392
15059
76067
27869
96050
11228
87039
95105
58456
96323
23378
35573
17899
2542
38991
94647
64327
76078
54108
15952
25317
81023
24525
83831
68282
95392
31931
93878
66701
32350
44473
1967
42531
4157
99261
89836
10630
29015
98172
83031
95493
41015
68245
91094
67212
92670
69603
67306
80418
80534
72037
74201
41031
11387
41483
66217
79425
92233
78853
13823
41280
83115
43527
26196
69491
72477
44929
76002
47576
89692
16025
35399
89083
5056
40331
84231
5080
33385
16577
70494
15553
2567
63430
86110
50535
57732
24174
16590
23449
8104
69744
66481
97158
84343
75069
64776
16777
42123
21603
94714
47721
82843
49821
85982
64504
46366
82451
21640
10502
84331
89694
79705
75628
64072
23960
38713
57756
38073
88457
41954
96087
85252
99208
39501
19952
49483
85251
4780
63219
8071
67425
87676
11767
21858
22787
4996
82763
80013
39339
70445
37900
60313
49171
66115
71603
89347
90806
23209
60409
3049
21387
78639
66449
9834
44553
62401
6082
29083
50813
15071
61071
92839
58344
2429
89711
65589
99484
53855
28579
49197
67004
10958
16472
71414
51637
45868
36140
33082
30054
96259
58623
57842
44279
60196
32144
88768
89559
1935
75446
46033
23431
2533
87896
86991
71861
29414
44116
46723
76381
34280
32832
36992
13276
2768
47082
10434
62174
95011
58165
435
26359
50596
8488
53048
56403
29776
48546
98122
49780
940
24631
32456
32716
68043
72476
95663
23039
9936
75607
84334
1746
89353
81931
44835
6978
54263
20228
86871
59052
76215
15235
26233
18397
41892
19753
72736
90066
95342
29349
2927
18726
45977
31045
75422
41028
56884
58630
36048
50036
92016
30897
52309
69979
73756
37687
43982
93945
67509
88866
34771
58616
47770
52692
39459
74276
82854
88625
3276
48350
20738
63283
30956
59772
88559
1075
55742
30088
13318
49375
50061
62987
76708
50743
19442
88810
74239
82007
69875
76355
74040
48216
20576
75447
9389
1117
90185
60955
91512
1150
92441
36533
55385
88430
29360
30410
80712
92468
37037
8203
44799
7897
12838
18180
38828
71661
80778
27751
65530
50609
16550
17206
18743
40436
65517
54634
58661
27774
44361
62052
73940
94770
66769
79933
55197
56447
7634
68794
21441
43092
6465
87889
81542
61701
33498
40675
36174
4369
57288
19172
21976
89450
95370
40915
81136
52481
49470
28575
91492
13101
66134
28772
48074
70530
13495
48127
11756
32889
95764
56990
22664
56607
75547
76478
18250
18222
88837
13749
93349
21391
93221
36455
63379
757
85412
20827
99368
25934
78823
2751
32383
79028
71300
22580
99462
16522
33730
60550
93900
85274
92439
33147
56035
33254
58485
18663
98253
18867
22681
82855
92320
94162
98772
69827
11521
53132
77943
61127
85076
92403
28773
92406
51604
60217
24691
85000
85210
41588
76987
14648
84486
49081
8786
8070
68831
42757
95077
84904
42078
20144
22545
80468
33330
50308
80157
2194
43858
36145
10288
45790
38262
86302
25938
55541
42734
6653
86688
81048
82639
35835
63199
56640
41797
39859
49554
43230
83679
27135
999
48865
63327
9249
21437
64944
70102
68169
82588
57968
59718
51594
41123
83752
85679
9470
76292
98135
23218
53212
71424
31234
63613
90337
75639
26740
18274
65818
38678
15432
3375
9038
11189
16789
489
47312
88260
98248
60193
60879
85363
19404
24043
11120
31258
79359
53342
96297
37517
39773
93525
87737
37478
74079
55599
38716
5093
44020
35816
57719
24987
4307
29561
87370
67458
42819
68391
24401
79860
65287
9562
69020
37912
97855
9301
20962
38220
45301
59041
75451
73283
43710
28357
27588
63478
36132
47012
25710
61139
61716
48714
32254
93209
48591
963
93752
43925
36595
60720
85964
3148
29012
13007
55985
68715
84353
62225
57746
25345
54468
59479
54885
51748
60246
26076
19822
75870
1950
23915
38589
35717
2949
63163
56238
16616
26979
86217
98544
26360
86634
64308
28898
81740
34279
77044
44329
16311
39302
6085
79100
35163
41131
62963
8720
61224
86162
82925
32975
34764
54723
5243
36859
51039
97791
90851
76586
38699
91442
78261
70603
30347
85108
25202
75944
7118
98821
80656
27055
54022
94332
50458
19791
40698
44703
54903
46418
45651
54481
68708
3346
15164
78274
42337
64623
88651
77936
88930
83961
21505
33635
29232
68617
579
88121
48819
50002
6428
24880
20597
920
5540
22872
78868
90820
33102
19022
93701
67893
31584
91622
26439
4767
5196
25190
55450
9227
30110
59821
25726
60582
28930
96735
5582
14158
3114
11226
84074
54956
95898
77740
88611
20402
33904
97856
24932
59241
42151
89265
92792
56528
33781
21006
52595
55186
90791
70976
8085
54027
32712
39594
7250
97938
74936
59958
74067
8766
84835
58484
49966
93019
89548
38719
71979
92206
54662
28276
77358
43675
24930
96195
66976
20467
92500
1702
26854
60085
82749
95976
715
35796
3169
43766
93523
56277
70499
90656
60435
73826
45295
16141
8917
77387
39275
74202
29915
17900
48947
21718
77514
39940
89859
85822
41751
36479
72512
14621
69037
23628
33165
55876
50485
37
64007
14181
64533
34426
16457
15727
82427
47632
13005
60221
87927
19209
87255
89582
41253
98314
48213
32399
39887
66129
72713
20707
45863
28404
70503
81269
598
16803
17533
78529
40724
8519
90165
26082
89023
25146
84337
7532
78500
27211
38553
90549
64152
86343
86734
91009
1063
21146
39533
87117
25514
33863
23766
64855
27266
3350
34211
48623
92179
30701
32040
19708
1710
46530
62693
73410
93887
78383
76171
26540
48376
60991
53251
55154
98512
82160
33800
59465
41572
77590
36612
755
77190
98071
10610
39384
28038
25304
35793
10074
98410
50387
53782
8172
23696
95111
66544
19966
50603
53609
97112
70685
6770
50483
78614
64412
48025
17068
3908
45007
31290
52329
19909
10093
94053
31298
182
18850
5679
23339
48318
68581
99751
66109
48487
11057
59548
77186
5536
81547
34007
53392
35845
61090
80435
74496
93981
26752
49188
76425
58587
53512
16704
36555
40518
4420
2965
77694
77385
69869
67400
85207
22908
347
53775
28512
73828
49712
32925
42204
57209
42630
11598
37922
51702
71923
72858
53998
95567
19727
37258
84632
58758
5157
35403
7510
47186
78438
30194
81105
8122
86248
17991
35564
52797
14040
78612
35507
16390
51997
91909
53431
22540
2596
19238
48663
29321
22352
84805
59087
18654
86392
82113
51259
32665
66488
8570
10311
79339
57750
81217
13638
59840
96699
34149
32239
91039
75954
39475
43606
37436
95697
45421
43551
36265
83815
17259
56205
9917
83268
78155
24252
75355
1220
8988
71816
47306
45597
2942
31936
81569
54855
67079
4376
12903
78267
95601
74179
15564
91456
45405
53261
90270
57217
86933
37721
4860
38542
89306
48803
73973
70194
35715
85048
46411
17502
38173
13714
25239
47654
80356
65001
73029
98870
61982
34229
70247
25486
93226
75556
45280
18207
87740
43732
25687
24943
19800
34247
14231
71171
49595
48918
36698
54098
57832
2406
97325
15036
57861
53210
40098
20051
31858
52389
11078
12962
80113
36390
93796
82316
66184
88844
2952
10852
3531
68792
51785
17292
59391
23681
23404
32131
99473
53983
98427
49883
28379
93679
49699
1987
7097
88196
67521
19622
17825
20517
1517
3654
93003
75296
44724
28463
55037
15596
3813
8152
43011
5360
21512
2049
28944
79985
68961
36378
57735
1485
25335
23407
77663
39396
64161
36970
84829
42546
29027
79163
21292
46066
21645
82968
38340
16239
9964
77603
99388
14294
48910
67779
98242
74306
82251
23066
39415
47636
21704
66068
65874
13006
64083
81658
95205
30526
11829
89342
33907
30013
96729
68236
56142
24587
39423
3178
91743
67569
15401
46046
70056
59249
59582
21925
87181
57445
44790
17833
10817
81106
92765
38990
6875
48439
13600
51179
81943
54346
38475
6450
81069
41982
57373
93149
17553
22410
44769
59560
20389
31668
27573
89250
32282
11222
56924
69241
82930
58599
94468
40977
29361
93950
57103
33596
50929
6207
43064
7712
10973
49338
14971
84357
79807
4537
78457
28107
38914
66395
23666
15138
88933
43620
56231
79107
9871
237
39825
53751
25768
44300
33664
82716
37357
68389
83148
87121
84843
29677
21662
59816
2794
14830
64312
38618
24285
52576
20907
75590
30922
28877
52015
47236
99238
29718
28450
10148
68869
27501
17885
35188
50975
98522
21950
66576
83313
55891
22562
29856
19777
95940
43196
73726
357
12776
93531
88324
82569
47978
62441
38487
71073
1837
90192
62626
43218
13347
59788
9500
58080
58801
56143
18081
11752
12387
67081
62550
87762
48030
40198
60752
48789
88926
42350
63192
85597
49632
41075
35461
19181
79255
5681
70701
15496
79348
27685
4730
8345
40851
52641
17492
48389
14876
71657
94689
76979
70507
81022
40086
54925
90975
54026
56438
86167
43065
36437
84070
27283
99984
28295
52527
72221
24395
40034
8024
67342
20554
91372
32386
75855
35360
95894
34304
87334
22700
21518
33940
78013
24019
36688
49302
23543
80528
80461
66850
46896
3321
83874
35572
89657
47607
5686
29804
76439
59665
84307
71667
26697
63658
79315
56448
44900
54180
32075
97206
61853
19748
61017
24957
37022
55774
51541
1027
40779
27731
69399
97521
19772
30208
11936
18199
75839
48904
42642
28297
29751
14555
94543
35732
77452
42956
59046
55652
83407
18624
4418
58286
96003
60914
47950
76265
88092
20362
76729
33899
86953
524
40547
48761
90255
53508
86590
27701
41805
47316
35797
67284
3141
74783
89846
47285
7781
25342
85995
44025
96718
91649
21694
11079
51926
21135
95675
37806
82166
35623
30132
16286
829
8805
41278
93308
86225
9033
45429
23975
65053
14411
64379
23149
9938
7537
32180
39717
56129
666
14347
99447
95146
32754
95860
73051
78779
31856
88633
79119
57814
44926
55950
26276
31076
3525
66479
13740
15009
60656
73249
52948
79831
62058
49162
82284
49161
1003
1158
86246
75264
55945
88286
21613
21265
70387
34255
68056
71568
7869
50370
85813
83571
35686
66060
81644
51942
38501
72726
12470
36154
27529
60321
33328
27360
61383
82937
72195
53736
87371
15735
79355
65022
29704
3862
1880
7706
86195
27637
63728
88828
12661
42114
55726
70999
20002
69354
13571
95962
19003
30395
39289
32219
94723
78537
53289
31291
1476
35649
59839
57215
4397
19868
16761
78242
70935
61356
44392
94088
16934
87024
70975
92853
27483
84881
72060
83262
54364
86
62461
29081
69339
76225
94926
24537
6193
71157
8045
92908
50523
70589
31647
37158
52353
42335
11800
79978
70096
77445
75814
43818
8047
51115
31765
71716
59309
20432
80671
9838
43621
26719
62262
1393
55609
20811
14973
33485
19401
29994
10619
99767
4554
21030
47793
67728
55408
44243
57800
48014
73054
88006
54511
91461
60731
85922
28966
62209
44519
23181
65124
47213
90462
81280
46100
77089
83400
30276
71059
87569
64410
78305
62850
33164
66818
39547
27877
3960
39171
38101
4250
15060
4271
32719
36735
55583
18853
70788
40619
69656
60124
96727
88881
96256
27090
63323
16253
23907
41281
34821
65305
75913
9422
90641
83588
94771
23389
21397
93837
47719
55909
19691
79023
6463
6858
50101
84643
57751
76996
24158
58230
80145
89598
1424
66368
67677
89430
39066
5017
3545
63757
62907
73876
4429
33281
91113
41875
92630
49078
41931
32283
97463
46188
19400
13736
37621
17646
97605
96073
76915
78660
98492
87542
17144
76494
47762
35606
607
49310
15846
19029
92259
15336
26443
41853
84700
512
31734
43222
15693
8238
12710
93550
45095
91865
60768
91270
70161
56626
28820
50056
1366
78488
29128
24842
78726
99477
99513
67773
20730
97691
91984
47666
33268
22065
77260
82105
25143
28493
29067
23958
92944
51657
72616
68703
65926
42768
26624
25292
15726
56486
65354
84085
95443
96091
98331
75892
86214
96288
12177
85200
25167
46793
64808
60131
38084
66076
24220
24735
85890
55433
66107
41712
16474
64241
92524
78090
35204
60317
37390
35988
72833
44563
12105
48488
90123
86012
52240
76865
39494
1347
97377
28866
81410
11732
82084
96157
80225
13527
30679
54930
21814
6923
34746
37078
13982
1213
25483
69284
33301
92615
70630
25925
37444
54933
12338
80727
34743
72
31952
52046
87063
57894
27798
13245
82798
37329
25474
99671
9588
98784
25223
91737
29768
97188
68625
13097
9578
74983
52216
66410
60564
48460
8750
18040
30720
63889
91392
40085
31504
47283
61415
33901
43478
71514
84997
59248
47849
97404
54249
53000
98227
15013
92926
47737
83437
87654
96178
79532
7560
57523
67627
59645
81638
3615
73870
64245
59972
52161
82579
12817
45893
12051
40342
62214
22881
71665
68178
51128
69657
23353
95787
12153
20777
5189
61731
49956
54268
36199
95690
51742
73738
11840
79897
74942
80426
89181
38276
39910
87099
23925
59947
38661
14826
75991
7113
12873
22461
3067
35302
73460
16929
50903
9889
58592
79683
13061
85700
71489
35384
41488
40758
38330
56457
53630
2159
34118
27461
30716
40173
46352
91312
68749
28484
64734
49395
11208
97331
79299
64777
28669
22712
22334
90051
84349
21102
28788
1966
34401
23262
16592
62833
46803
4586
49649
93442
94242
39226
13247
16431
72966
60031
52806
91762
50541
35981
22313
80992
64069
48762
39471
15733
59553
71755
80160
18774
87642
75589
92803
86942
86964
29341
12741
69841
85288
84879
77827
3826
18366
69877
27794
71937
13339
76879
89642
12525
4942
30619
12160
65661
62259
47701
37874
77436
83785
79778
3308
35112
24557
26886
16132
81984
38596
74226
92132
40894
63559
29697
60620
65612
47443
18500
62630
32262
33240
60343
2404
88600